Params: [0.00019755947313373522, 0.00022036195726663686, 0.0001804565503101361, 0.00018045655031013577, 0.00019439569900130558, 1.0000000000000002e-6, 0.00018045655031013503, 0.0001804565503101348, 1.166593054238166e-6, 5.375800214490688e-5, 0.0001804565503101393, 0.00018045655031013533, 0.0015743897159588376, 0.0001804565503101351, 0.012048987363201478, 0.0004874620518750451, 0.00018045655031014257, 0.007981496423893614] 
Loss: 2.9006344632046483e6