Params: [0.001928389460465227, 0.4346223635253457, 0.007750457803521467, 0.0034049831182073466, 0.12903898320509716, 0.016551667436268437, 0.0034049831182001744, 1.0000000000000002e-6, 0.32651163067229405] 
Loss: 1.7997397541029595e7