Params: [8.973917428097994e-5, 0.0001363771317481271, 0.0006662112292129558, 0.0006662112292129558, 1.0119613720380602e-6, 1.0000000000000002e-6, 0.004625656837867153, 0.0006662112292129555, 0.0006662112292129546, 0.0006840720342217968, 0.000667710343995489, 0.0004122138440619765, 0.0006662112292129555, 0.0006662112292129555, 0.0007520911121811695, 0.0006662112292129558, 0.00042694183846821024, 0.008117405177620019, 0.0006662112292129547, 0.010214821356644707] 
Loss: 37702.02127978283