Params: [1.0000000000000002e-6, 0.0001780449025806702, 0.017864761712482885, 0.9999364444254454, 1.0000000000000033e-6] 
Loss: 1.4608989893308887e6