Params: [0.0009764216522715377, 0.0019065711214987804, 0.011511890731610306, 0.028405549684269702, 1.0000000000000002e-6, 0.0070988607349972525, 0.002646054740188363, 0.005327333591084734, 0.0003241088596178936, 0.00032410885961779137] 
Loss: 83385.2549618482