Params: [0.000572941475494576, 0.015070686621987881] 
Loss: 116453.84890754762