Params: [0.0005866670944891641, 0.01249111791917954, 0.006647570390431112] 
Loss: 27114.702862102662