Params: [0.0010146704636611675, 0.0015450645908916918, 0.009980410976961038, 0.0188120566822722, 0.0058506740797420395, 0.0051926219157115245, 0.010486784790827524, 0.017141622290472662, 0.006212100901135669, 1.0000000000000002e-6, 0.004666755448918314, 0.0046667554489182575] 
Loss: 5632.596919087447