Params: [0.0007212393921570817, 0.004035880869635735, 0.008388541087195766, 0.016040987167740748, 4.44828628215335e-5, 8.494718071223824e-6, 6.069387677170896e-5, 0.013608551353086787, 3.524070782801654e-5, 0.03731059608763163, 0.03244650176346606, 1.0000000000000002e-6, 0.0005110419563673223, 0.0005052282315289987] 
Loss: 7753.041514504141