Params: [0.0009906387713525928, 0.0011872103188267206, 0.016081634476296902, 0.0007627446203253246, 1.0000000000000002e-6, 0.0005710314705734405, 2.7014184980358236e-6, 0.008318388758379907, 0.010171147981442169, 0.0006315819280776257, 0.0005800832676677372, 0.0006433071100071873] 
Loss: 219835.42869209952