Params: [0.0005871602522257768, 0.01275024761949565, 0.0012657031134968098, 0.006583220352675818] 
Loss: 27071.494342313697