Params: [0.0005853996405596104, 0.020099804414811455, 0.021091794650419056] 
Loss: 98566.4344395349